#Layer_Color=16711935
#
#Feature symbol names
#
$0 r3.937
$1 r7.874
$2 rect57.0867x11.6496
$3 rect35.4331x6.8839

#
#Feature attribute names
#

#
#Layer features
#
L 0 0 0 0.5216535 0 P 0
L 0 0 2.3622047 0 0 P 0
L 0 0.5216535 0 2.3622047 0 P 0
L 0 2.3622047 1.1122047 2.3622047 0 P 0
L 0.468504 0.468504 0.468504 0.7125984 1 P 0
L 0.468504 0.468504 0.7125984 0.468504 1 P 0
L 0.468504 0.7125984 0.7125984 0.7125984 1 P 0
L 0.5620078 0.9409449 0.5620078 1.0275591 0 P 0
L 0.5620078 0.9409449 0.6190945 0.9409449 0 P 0
L 0.5620078 1.0275591 0.6190945 1.0275591 0 P 0
L 0.6190945 0.9409449 0.6190945 1.0275591 0 P 0
L 0.6259843 2.1919292 0.6259843 2.2332677 0 P 0
L 0.6259843 2.1919292 0.6476378 2.1919292 0 P 0
L 0.6259843 2.2332677 0.6476378 2.2332677 0 P 0
L 0.6476378 2.1919292 0.6476378 2.2332677 0 P 0
L 0.6486221 0.9686812 0.6486221 1.0119883 0 P 0
L 0.6486221 0.9686812 0.6702756 0.9686812 0 P 0
L 0.6486221 1.0119883 0.6702756 1.0119883 0 P 0
L 0.6702756 0.9686812 0.6702756 1.0119883 0 P 0
L 0.7125984 0.468504 0.7125984 0.7125984 1 P 0
L 0.7765748 0.488189 0.7765748 0.5314961 0 P 0
L 0.7765748 0.488189 0.7982283 0.488189 0 P 0
L 0.7765748 0.5314961 0.7982283 0.5314961 0 P 0
L 0.7982283 0.488189 0.7982283 0.5314961 0 P 0
L 1.0590552 0.468504 1.0590552 0.7125984 1 P 0
L 1.0590552 0.468504 1.3031496 0.468504 1 P 0
L 1.0590552 0.7125984 1.3031496 0.7125984 1 P 0
L 1.1122047 2.3622047 1.1122047 2.6181102 0 P 0
L 1.1122047 2.6181102 1.25 2.6181102 0 P 0
L 1.1206691 1.9665354 1.1206691 2.0098425 0 P 0
L 1.1206691 1.9665354 1.1423226 1.9665354 0 P 0
L 1.1206691 2.0098425 1.1423226 2.0098425 0 P 0
L 1.1423226 1.9665354 1.1423226 2.0098425 0 P 0
L 1.152559 0.9409449 1.152559 1.0275591 0 P 0
L 1.152559 0.9409449 1.2096457 0.9409449 0 P 0
L 1.152559 1.0275591 1.2096457 1.0275591 0 P 0
L 1.1954723 1.9665354 1.1954723 2.0098425 0 P 0
L 1.1954723 1.9665354 1.2171258 1.9665354 0 P 0
L 1.1954723 2.0098425 1.2171258 2.0098425 0 P 0
L 1.2096457 0.9409449 1.2096457 1.0275591 0 P 0
L 1.2133135 1.3735801 1.2133135 1.4149186 0 P 0
L 1.2133135 1.3735801 1.234967 1.3735801 0 P 0
L 1.2133135 1.4149186 1.234967 1.4149186 0 P 0
L 1.2171258 1.9665354 1.2171258 2.0098425 0 P 0
L 1.234967 1.3735801 1.234967 1.4149186 0 P 0
L 1.2411417 0.9686812 1.2411417 1.0119883 0 P 0
L 1.2411417 0.9686812 1.2627952 0.9686812 0 P 0
L 1.2411417 1.0119883 1.2627952 1.0119883 0 P 0
L 1.25 2.3622047 1.25 2.6181102 0 P 0
L 1.25 2.3622047 2.3622047 2.3622047 0 P 0
L 1.2627952 0.9686812 1.2627952 1.0119883 0 P 0
L 1.2702755 1.9665354 1.2702755 2.0098425 0 P 0
L 1.2702755 1.9665354 1.291929 1.9665354 0 P 0
L 1.2702755 2.0098425 1.291929 2.0098425 0 P 0
L 1.291929 1.9665354 1.291929 2.0098425 0 P 0
L 1.3031496 0.468504 1.3031496 0.7125984 1 P 0
L 1.3312991 1.9616114 1.3312991 2.0482256 0 P 0
L 1.3312991 1.9616114 1.3883857 1.9616114 0 P 0
L 1.3312991 2.0482256 1.3883857 2.0482256 0 P 0
L 1.367126 0.488189 1.367126 0.5314961 0 P 0
L 1.367126 0.488189 1.3887795 0.488189 0 P 0
L 1.367126 0.5314961 1.3887795 0.5314961 0 P 0
L 1.3883857 1.9616114 1.3883857 2.0482256 0 P 0
L 1.3887795 0.488189 1.3887795 0.5314961 0 P 0
L 1.5738205 1.9616114 1.5738205 2.0482256 0 P 0
L 1.5738205 1.9616114 1.6309071 1.9616114 0 P 0
L 1.5738205 2.0482256 1.6309071 2.0482256 0 P 0
L 1.6309071 1.9616114 1.6309071 2.0482256 0 P 0
L 1.6496063 0.468504 1.6496063 0.7125984 1 P 0
L 1.6496063 0.468504 1.8937007 0.468504 1 P 0
L 1.6496063 0.7125984 1.8937007 0.7125984 1 P 0
L 1.6702774 1.9714541 1.6702774 2.0127926 0 P 0
L 1.6702774 1.9714541 1.6919309 1.9714541 0 P 0
L 1.6702774 2.0127926 1.6919309 2.0127926 0 P 0
L 1.6919309 1.9714541 1.6919309 2.0127926 0 P 0
L 1.7431101 0.9409449 1.7431101 1.0275591 0 P 0
L 1.7431101 0.9409449 1.8001968 0.9409449 0 P 0
L 1.7431101 1.0275591 1.8001968 1.0275591 0 P 0
L 1.8001968 0.9409449 1.8001968 1.0275591 0 P 0
L 1.8070866 2.1456692 1.8070866 2.2952755 0 P 0
L 1.8070866 2.1456692 1.8622047 2.1456692 0 P 0
L 1.8070866 2.2952755 1.8622047 2.2952755 0 P 0
L 1.8316929 0.9686812 1.8316929 1.0119883 0 P 0
L 1.8316929 0.9686812 1.8533464 0.9686812 0 P 0
L 1.8316929 1.0119883 1.8533464 1.0119883 0 P 0
L 1.8533464 0.9686812 1.8533464 1.0119883 0 P 0
L 1.8622047 2.1456692 1.8622047 2.2952755 0 P 0
L 1.8917323 1.4665354 1.8917323 1.9192913 0 P 0
L 1.8917323 1.4665354 1.9625984 1.4665354 0 P 0
L 1.8917323 1.9192913 1.9625984 1.9192913 0 P 0
L 1.8937007 0.468504 1.8937007 0.7125984 1 P 0
L 1.9281494 2.1643701 1.9281494 2.2155512 0 P 0
L 1.9281494 2.1643701 1.9635825 2.1643701 0 P 0
L 1.9281494 2.2155512 1.9635825 2.2155512 0 P 0
L 1.9429133 2.3159449 1.9429133 2.3375984 0 P 0
L 1.9429133 2.3159449 1.9862204 2.3159449 0 P 0
L 1.9429133 2.3375984 1.9862204 2.3375984 0 P 0
L 1.9438977 2.261811 1.9438977 2.2834645 0 P 0
L 1.9438977 2.261811 1.9852362 2.261811 0 P 0
L 1.9438977 2.2834645 1.9852362 2.2834645 0 P 0
L 1.9576771 0.488189 1.9576771 0.5314961 0 P 0
L 1.9576771 0.488189 1.9793306 0.488189 0 P 0
L 1.9576771 0.5314961 1.9793306 0.5314961 0 P 0
L 1.9625984 1.4665354 1.9625984 1.9192913 0 P 0
L 1.9635825 2.1643701 1.9635825 2.2155512 0 P 0
L 1.9793306 0.488189 1.9793306 0.5314961 0 P 0
L 1.9852362 2.261811 1.9852362 2.2834645 0 P 0
L 1.9862204 2.3159449 1.9862204 2.3375984 0 P 0
L 1.9931102 2.172244 1.9931102 2.2155511 0 P 0
L 1.9931102 2.172244 2.0147637 2.172244 0 P 0
L 1.9931102 2.2155511 2.0147637 2.2155511 0 P 0
L 2.0147637 2.172244 2.0147637 2.2155511 0 P 0
L 2.3622047 0 2.3622047 2.3622047 0 P 0
P 0.5905499 1.0217305 2 P 0 0
P 1.1811041 1.0217325 2 P 0 0
P 1.7716541 1.0217336 2 P 0 0
P 1.9458659 2.2121083 3 P 0 0
