#Layer_Color=32768
#
#Feature symbol names
#
$0 r3.937
$1 r7.874
$2 r10

#
#Feature attribute names
#

#
#Layer features
#
A 0.3307086 0.3543307 0.3307086 0.3543307 0.1732283 0.3543307 1 P 0 N
A 0.3307086 2.007874 0.3307086 2.007874 0.1732283 2.007874 1 P 0 N
A 2.3464567 0.3543307 2.3464567 0.3543307 2.1889764 0.3543307 1 P 0 N
A 2.3464567 2.007874 2.3464567 2.007874 2.1889764 2.007874 1 P 0 N
L 0 0 0 0.5216535 0 P 0
L 0 0 2.3622047 0 0 P 0
L 0 0.5216535 0 2.3622047 0 P 0
L 0 2.3622047 1.1122047 2.3622047 0 P 0
L 0.1535433 0.3543307 0.1929133 0.3543307 0 P 0
L 0.1535433 2.007874 0.1929133 2.007874 0 P 0
L 0.1732283 0.3346457 0.1732283 0.3740157 0 P 0
L 0.1732283 1.988189 0.1732283 2.027559 0 P 0
L 0.4232284 0.4625984 0.4232284 0.718504 1 P 0
L 0.4232284 0.4625984 0.757874 0.4625984 1 P 0
L 0.4232284 0.718504 0.757874 0.718504 1 P 0
L 0.5511811 0.9114174 0.5511811 1.0561024 0 P 0
L 0.5511811 0.9114174 0.6299212 0.9114174 0 P 0
L 0.5511811 1.0561024 0.6299212 1.0561024 0 P 0
L 0.5708661 0.984252 0.6102362 0.984252 0 P 0
L 0.5708662 0.5905512 0.6102362 0.5905512 1 P 0
L 0.5905512 0.5708662 0.5905512 0.6102362 1 P 0
L 0.5905512 0.964567 0.5905512 1.0039371 0 P 0
L 0.5905513 1.4665354 0.5905513 1.9192913 2 P 0
L 0.5905513 1.4665354 1.8799213 1.4665354 2 P 0
L 0.5905513 1.9192913 1.8799213 1.9192913 2 P 0
L 0.6151575 2.1633858 0.6151575 2.261811 0 P 0
L 0.6151575 2.1633858 0.6584646 2.1633858 0 P 0
L 0.6151575 2.261811 0.6584646 2.261811 0 P 0
L 0.6259843 2.2125984 0.6476378 2.2125984 0 P 0
L 0.6299212 0.9114174 0.6299212 1.0561024 0 P 0
L 0.636811 2.2017717 0.636811 2.2234252 0 P 0
L 0.6368111 0.9411221 0.6368111 1.0395473 0 P 0
L 0.6368111 0.9411221 0.6820867 0.9411221 0 P 0
L 0.6368111 1.0395473 0.6820867 1.0395473 0 P 0
L 0.6486221 0.9903347 0.6702756 0.9903347 0 P 0
L 0.6584646 2.1633858 0.6584646 2.261811 0 P 0
L 0.6594489 0.979508 0.6594489 1.0011615 0 P 0
L 0.6711023 2.1125984 0.6711023 2.3225984 0 P 0
L 0.6711023 2.1125984 1.6911023 2.1125984 0 P 0
L 0.6711023 2.3225984 1.4248425 2.3225984 0 P 0
L 0.6820867 0.9411221 0.6820867 1.0395473 0 P 0
L 0.757874 0.4625984 0.757874 0.718504 1 P 0
L 0.7647638 0.4606299 0.7647638 0.5590551 0 P 0
L 0.7647638 0.4606299 0.8100394 0.4606299 0 P 0
L 0.7647638 0.5590551 0.8100394 0.5590551 0 P 0
L 0.7765748 0.5098425 0.7982283 0.5098425 0 P 0
L 0.7874016 0.4990158 0.7874016 0.5206693 0 P 0
L 0.8100394 0.4606299 0.8100394 0.5590551 0 P 0
L 1.0137796 0.4625984 1.0137796 0.718504 1 P 0
L 1.0137796 0.4625984 1.3484252 0.4625984 1 P 0
L 1.0137796 0.718504 1.3484252 0.718504 1 P 0
L 1.0236222 1.6929133 1.1023622 1.6929133 2 P 0
L 1.1023622 1.6141693 1.1023622 1.6929133 2 P 0
L 1.1023622 1.6929133 1.1023622 1.7716573 2 P 0
L 1.1023622 1.6929133 1.1811022 1.6929133 2 P 0
L 1.1088581 1.9389763 1.1088581 2.0374015 0 P 0
L 1.1088581 1.9389763 1.1541337 1.9389763 0 P 0
L 1.1088581 2.0374015 1.1541337 2.0374015 0 P 0
L 1.1122047 2.3622047 1.1122047 2.6181102 0 P 0
L 1.1122047 2.6181102 1.25 2.6181102 0 P 0
L 1.1206691 1.9881889 1.1423226 1.9881889 0 P 0
L 1.1314959 1.9773622 1.1314959 1.9990157 0 P 0
L 1.1417323 0.9114174 1.1417323 1.0561024 0 P 0
L 1.1417323 0.9114174 1.2204724 0.9114174 0 P 0
L 1.1417323 1.0561024 1.2204724 1.0561024 0 P 0
L 1.1541337 1.9389763 1.1541337 2.0374015 0 P 0
L 1.1614173 0.984252 1.2007874 0.984252 0 P 0
L 1.1614173 2.2125984 1.2007874 2.2125984 0 P 0
L 1.1614174 0.5905512 1.2007874 0.5905512 1 P 0
L 1.1811023 2.1932284 1.1811023 2.2325984 0 P 0
L 1.1811024 0.5708662 1.1811024 0.6102362 1 P 0
L 1.1811024 0.964567 1.1811024 1.0039371 0 P 0
L 1.1836613 1.9389763 1.1836613 2.0374015 0 P 0
L 1.1836613 1.9389763 1.2289369 1.9389763 0 P 0
L 1.1836613 2.0374015 1.2289369 2.0374015 0 P 0
L 1.1954723 1.9881889 1.2171258 1.9881889 0 P 0
L 1.2024867 1.3450368 1.2024867 1.443462 0 P 0
L 1.2024867 1.3450368 1.2457938 1.3450368 0 P 0
L 1.2024867 1.443462 1.2457938 1.443462 0 P 0
L 1.2062991 1.9773622 1.2062991 1.9990157 0 P 0
L 1.2133135 1.3942494 1.234967 1.3942494 0 P 0
L 1.2204724 0.9114174 1.2204724 1.0561024 0 P 0
L 1.2241403 1.3834226 1.2241403 1.4050761 0 P 0
L 1.2289369 1.9389763 1.2289369 2.0374015 0 P 0
L 1.2293307 0.9411221 1.2293307 1.0395473 0 P 0
L 1.2293307 0.9411221 1.2746063 0.9411221 0 P 0
L 1.2293307 1.0395473 1.2746063 1.0395473 0 P 0
L 1.2411417 0.9903347 1.2627952 0.9903347 0 P 0
L 1.2457938 1.3450368 1.2457938 1.443462 0 P 0
L 1.25 2.3622047 1.25 2.6181102 0 P 0
L 1.25 2.3622047 2.3622047 2.3622047 0 P 0
L 1.2519685 0.979508 1.2519685 1.0011615 0 P 0
L 1.2584645 1.9389763 1.2584645 2.0374015 0 P 0
L 1.2584645 1.9389763 1.3037401 1.9389763 0 P 0
L 1.2584645 2.0374015 1.3037401 2.0374015 0 P 0
L 1.2696127 1.3409817 1.2696127 1.4389344 0 P 0
L 1.2696127 1.3409817 1.312408 1.3409817 0 P 0
L 1.2696127 1.4389344 1.312408 1.4389344 0 P 0
L 1.2702755 1.9881889 1.291929 1.9881889 0 P 0
L 1.2746063 0.9411221 1.2746063 1.0395473 0 P 0
L 1.2811023 1.9773622 1.2811023 1.9990157 0 P 0
L 1.2832321 1.3897638 1.2911046 1.3897638 0 P 0
L 1.2911046 1.384324 1.2911046 1.3897638 0 P 0
L 1.2911046 1.3897638 1.2911046 1.3954657 0 P 0
L 1.2911046 1.3897638 1.2995313 1.3897638 0 P 0
L 1.3037401 1.9389763 1.3037401 2.0374015 0 P 0
L 1.312408 1.3409817 1.312408 1.4389344 0 P 0
L 1.3204723 1.9350366 1.3204723 2.0748004 0 P 0
L 1.3204723 1.9350366 1.3992124 1.9350366 0 P 0
L 1.3204723 2.0748004 1.3992124 2.0748004 0 P 0
L 1.3401573 2.0049185 1.3795274 2.0049185 0 P 0
L 1.3404789 1.3409817 1.3404789 1.4389344 0 P 0
L 1.3404789 1.3409817 1.3832742 1.3409817 0 P 0
L 1.3404789 1.4389344 1.3832742 1.4389344 0 P 0
L 1.3484252 0.4625984 1.3484252 0.718504 1 P 0
L 1.3540983 1.3897638 1.3619708 1.3897638 0 P 0
L 1.355315 0.4606299 1.355315 0.5590551 0 P 0
L 1.355315 0.4606299 1.4005906 0.4606299 0 P 0
L 1.355315 0.5590551 1.4005906 0.5590551 0 P 0
L 1.3598424 1.9852335 1.3598424 2.0246036 0 P 0
L 1.3619708 1.384324 1.3619708 1.3897638 0 P 0
L 1.3619708 1.3897638 1.3619708 1.3954657 0 P 0
L 1.3619708 1.3897638 1.3703975 1.3897638 0 P 0
L 1.367126 0.5098425 1.3887795 0.5098425 0 P 0
L 1.3779528 0.4990158 1.3779528 0.5206693 0 P 0
L 1.3832742 1.3409817 1.3832742 1.4389344 0 P 0
L 1.3992124 1.9350366 1.3992124 2.0748004 0 P 0
L 1.4005906 0.4606299 1.4005906 0.5590551 0 P 0
L 1.411345 1.3409817 1.411345 1.4389344 0 P 0
L 1.411345 1.3409817 1.4541403 1.3409817 0 P 0
L 1.411345 1.4389344 1.4541403 1.4389344 0 P 0
L 1.4248425 2.3225984 1.6911023 2.3225984 0 P 0
L 1.4249644 1.3897638 1.4328369 1.3897638 0 P 0
L 1.4328369 1.384324 1.4328369 1.3897638 0 P 0
L 1.4328369 1.3897638 1.4328369 1.3954657 0 P 0
L 1.4328369 1.3897638 1.4412636 1.3897638 0 P 0
L 1.4541403 1.3409817 1.4541403 1.4389344 0 P 0
L 1.4821688 1.3409817 1.4821688 1.4389344 0 P 0
L 1.4821688 1.3409817 1.5249641 1.3409817 0 P 0
L 1.4821688 1.4389344 1.5249641 1.4389344 0 P 0
L 1.4957882 1.3897638 1.5036607 1.3897638 0 P 0
L 1.5036607 1.384324 1.5036607 1.3897638 0 P 0
L 1.5036607 1.3897638 1.5036607 1.3954657 0 P 0
L 1.5036607 1.3897638 1.5120874 1.3897638 0 P 0
L 1.5249641 1.3409817 1.5249641 1.4389344 0 P 0
L 1.5629937 1.9350366 1.5629937 2.0748004 0 P 0
L 1.5629937 1.9350366 1.6417338 1.9350366 0 P 0
L 1.5629937 2.0748004 1.6417338 2.0748004 0 P 0
L 1.5826787 2.0049185 1.6220488 2.0049185 0 P 0
L 1.6023638 1.9852335 1.6023638 2.0246036 0 P 0
L 1.6043307 0.4625984 1.6043307 0.718504 1 P 0
L 1.6043307 0.4625984 1.9389763 0.4625984 1 P 0
L 1.6043307 0.718504 1.9389763 0.718504 1 P 0
L 1.6417338 1.9350366 1.6417338 2.0748004 0 P 0
L 1.6594506 1.9429107 1.6594506 2.0413359 0 P 0
L 1.6594506 1.9429107 1.7027577 1.9429107 0 P 0
L 1.6594506 2.0413359 1.7027577 2.0413359 0 P 0
L 1.6702774 1.9921233 1.6919309 1.9921233 0 P 0
L 1.6811041 1.9812966 1.6811041 2.0029501 0 P 0
L 1.6911023 2.1125984 1.6911023 2.3125984 0 P 0
L 1.6911023 2.3125984 1.6911023 2.3225984 0 P 0
L 1.7027577 1.9429107 1.7027577 2.0413359 0 P 0
L 1.7322834 0.9114174 1.7322834 1.0561024 0 P 0
L 1.7322834 0.9114174 1.8110235 0.9114174 0 P 0
L 1.7322834 1.0561024 1.8110235 1.0561024 0 P 0
L 1.7519684 0.984252 1.7913385 0.984252 0 P 0
L 1.7519685 0.5905512 1.7913385 0.5905512 1 P 0
L 1.7608267 2.1358267 1.7608267 2.305118 0 P 0
L 1.7608267 2.1358267 1.9084645 2.1358267 0 P 0
L 1.7608267 2.305118 1.9084645 2.305118 0 P 0
L 1.7716535 0.5708662 1.7716535 0.6102362 1 P 0
L 1.7716535 0.964567 1.7716535 1.0039371 0 P 0
L 1.8110235 0.9114174 1.8110235 1.0561024 0 P 0
L 1.8149606 2.2204724 1.8543307 2.2204724 0 P 0
L 1.8198819 0.9411221 1.8198819 1.0395473 0 P 0
L 1.8198819 0.9411221 1.8651575 0.9411221 0 P 0
L 1.8198819 1.0395473 1.8651575 1.0395473 0 P 0
L 1.8316929 0.9903347 1.8533464 0.9903347 0 P 0
L 1.8346456 2.2007873 1.8346456 2.2401574 0 P 0
L 1.8425197 0.979508 1.8425197 1.0011615 0 P 0
L 1.8651575 0.9411221 1.8651575 1.0395473 0 P 0
L 1.8799213 1.4665354 1.8799213 1.9192913 2 P 0
L 1.8917323 1.4665354 1.8917323 1.9192913 0 P 0
L 1.8917323 1.4665354 1.9625984 1.4665354 0 P 0
L 1.8917323 1.9192913 1.9625984 1.9192913 0 P 0
L 1.9084645 2.1358267 1.9084645 2.305118 0 P 0
L 1.9153543 2.2509842 1.9153543 2.2942913 0 P 0
L 1.9153543 2.2509842 2.0137795 2.2509842 0 P 0
L 1.9153543 2.2942913 2.0137795 2.2942913 0 P 0
L 1.9153543 2.3041339 1.9153543 2.3494095 0 P 0
L 1.9153543 2.3041339 2.0137795 2.3041339 0 P 0
L 1.9153543 2.3494095 2.0137795 2.3494095 0 P 0
L 1.9183069 2.1338583 1.9183069 2.246063 0 P 0
L 1.9183069 2.1338583 1.973425 2.1338583 0 P 0
L 1.9183069 2.246063 1.973425 2.246063 0 P 0
L 1.9281494 2.1899606 1.9635825 2.1899606 0 P 0
L 1.9389763 0.4625984 1.9389763 0.718504 1 P 0
L 1.945866 2.1722441 1.945866 2.2076772 0 P 0
L 1.9458661 0.4606299 1.9458661 0.5590551 0 P 0
L 1.9458661 0.4606299 1.9911417 0.4606299 0 P 0
L 1.9458661 0.5590551 1.9911417 0.5590551 0 P 0
L 1.9537401 2.3267717 1.9753936 2.3267717 0 P 0
L 1.9537402 2.2726378 1.9753937 2.2726378 0 P 0
L 1.9576771 0.5098425 1.9793306 0.5098425 0 P 0
L 1.9625984 1.4665354 1.9625984 1.9192913 0 P 0
L 1.9645669 2.261811 1.9645669 2.2834645 0 P 0
L 1.9645669 2.3159449 1.9645669 2.3375984 0 P 0
L 1.9685039 0.4990158 1.9685039 0.5206693 0 P 0
L 1.973425 2.1338583 1.973425 2.246063 0 P 0
L 1.9812991 2.144685 1.9812991 2.2431102 0 P 0
L 1.9812991 2.144685 2.0265747 2.144685 0 P 0
L 1.9812991 2.2431102 2.0265747 2.2431102 0 P 0
L 1.9911417 0.4606299 1.9911417 0.5590551 0 P 0
L 1.9931102 2.1938976 2.0147637 2.1938976 0 P 0
L 2.0039369 2.1830708 2.0039369 2.2047243 0 P 0
L 2.0137795 2.2509842 2.0137795 2.2942913 0 P 0
L 2.0137795 2.3041339 2.0137795 2.3494095 0 P 0
L 2.0265747 2.144685 2.0265747 2.2431102 0 P 0
L 2.1692914 0.3543307 2.2086614 0.3543307 0 P 0
L 2.1692914 2.007874 2.2086614 2.007874 0 P 0
L 2.1889764 0.3346457 2.1889764 0.3740157 0 P 0
L 2.1889764 1.988189 2.1889764 2.027559 0 P 0
L 2.3622047 0 2.3622047 2.3622047 0 P 0
